% LIQUIDITY FACTORS OF PASTOR AND STAMBAUGH (JPE 2003) UPDATED THROUGH DEC 2025
% Column 1: Month
% Column 2: Levels of aggregated liquidity (Figure 1 in the paper)
% Column 3: Innovations in aggregated liquidity (non-traded liquidity factor; equation(8); the main series)
% Column 4: Traded liquidity factor (LIQ_V, 10-1 portfolio return)
% Note: The traded factor is the value-weighted return on the 10-1 portfolio from a sort on historical
% liquidity betas. This procedure is simpler than sorting on predicted betas (as in the original study)
% and through 2025 it is similarly successful at creating a spread in post-ranking betas. The traded
% factor has a positive and significant alpha through 2025, consistent with liquidity risk being priced.
%
% Month	Agg Liq.	Innov Liq (eq8)	Traded Liq (LIQ_V)
196208	 -0.01753789	  0.00425841	-99
196209	 -0.00415731	  0.01112344	-99
196210	 -0.10412209	 -0.07388795	-99
196211	 -0.01824947	  0.02812444	-99
196212	 -0.00509050	  0.01495171	-99
196301	 -0.05642739	  0.00941523	-99
196302	  0.01185297	  0.02178415	-99
196303	 -0.02395734	 -0.01969161	-99
196304	  0.05562412	  0.07847414	-99
196305	  0.00354064	 -0.00906589	-99
196306	  0.00938516	 -0.00267686	-99
196307	  0.01587546	  0.02159807	-99
196308	  0.03380066	  0.03688214	-99
196309	 -0.00752384	  0.01933947	-99
196310	  0.02808224	  0.03170314	-99
196311	 -0.05313499	 -0.05939643	-99
196312	 -0.02023270	  0.01140819	-99
196401	 -0.07113593	 -0.05404823	-99
196402	 -0.02474991	  0.01105828	-99
196403	  0.03396787	  0.04679998	-99
196404	 -0.04026889	 -0.02680916	-99
196405	 -0.02572298	 -0.00843588	-99
196406	 -0.05645846	 -0.01051378	-99
196407	  0.05873522	  0.05557532	-99
196408	 -0.04930573	 -0.04355568	-99
196409	 -0.00816300	  0.00871626	-99
196410	  0.01277831	  0.03905382	-99
196411	  0.01488699	 -0.00308632	-99
196412	 -0.02673156	 -0.01476794	-99
196501	  0.03792251	  0.06907628	-99
196502	 -0.01642620	  0.02327839	-99
196503	  0.03436055	  0.01699815	-99
196504	  0.02236666	  0.04134488	-99
196505	 -0.01294343	  0.03363387	-99
196506	 -0.16337374	 -0.11288011	-99
196507	 -0.08128503	 -0.05257815	-99
196508	 -0.03474532	  0.07384417	-99
196509	  0.02698768	  0.06445738	-99
196510	  0.00619744	 -0.02450848	-99
196511	  0.04540888	  0.06600396	-99
196512	  0.04088016	  0.02533187	-99
196601	  0.03811289	  0.01707468	-99
196602	  0.03501151	  0.04360995	-99
196603	 -0.06624408	 -0.06554850	-99
196604	  0.02545024	  0.05177691	-99
196605	 -0.12156914	 -0.07677926	-99
196606	 -0.05336881	 -0.01609734	-99
196607	 -0.03300108	  0.00885982	-99
196608	 -0.10666724	 -0.08628354	-99
196609	 -0.08782702	 -0.04752141	-99
196610	 -0.20655655	 -0.08432203	-99
196611	 -0.05460822	  0.04700143	-99
196612	 -0.02167761	  0.04846665	-99
196701	 -0.02730605	  0.01293472	-99
196702	 -0.07258044	  0.01432923	-99
196703	 -0.00863020	  0.03530452	-99
196704	 -0.00152601	  0.02026335	-99
196705	  0.01392218	  0.02362685	-99
196706	 -0.06196398	 -0.04872730	-99
196707	 -0.02843717	  0.01175350	-99
196708	  0.02907322	  0.07046546	-99
196709	  0.02354400	  0.03128358	-99
196710	 -0.03057043	 -0.04273159	-99
196711	 -0.03066821	 -0.01380812	-99
196712	  0.00158985	  0.03347359	-99
196801	 -0.02152292	  0.00277601	 -0.02725374	
196802	 -0.04012737	 -0.02540306	  0.02387298	
196803	 -0.11694720	 -0.08725577	  0.00783476	
196804	  0.02245336	  0.08557644	  0.00450124	
196805	 -0.02061336	  0.01335513	 -0.01657204	
196806	  0.00827881	  0.03147734	 -0.00481875	
196807	 -0.01049552	  0.00883564	 -0.03370015	
196808	 -0.02020000	 -0.00938142	  0.00620141	
196809	 -0.00869260	  0.01361618	  0.01302535	
196810	  0.00662270	  0.02631525	 -0.00030881	
196811	 -0.00021616	  0.01553122	 -0.00533361	
196812	 -0.02857451	 -0.01126491	  0.01128683	
196901	 -0.03378827	 -0.00855144	  0.02437267	
196902	 -0.02503146	  0.01071191	  0.05609802	
196903	 -0.02243807	  0.00680963	 -0.02095685	
196904	 -0.01268436	  0.00891276	  0.00818278	
196905	  0.01167229	  0.04560715	  0.01182251	
196906	 -0.04760217	 -0.03880222	  0.05770140	
196907	 -0.12262557	 -0.09391598	  0.03421764	
196908	 -0.08788926	 -0.04776415	 -0.01483182	
196909	  0.01326210	  0.09007984	  0.01180608	
196910	 -0.06028536	 -0.02290642	 -0.05502000	
196911	  0.01656767	  0.03817769	  0.02940307	
196912	 -0.01985064	 -0.02401808	  0.02159208	
197001	 -0.11004578	 -0.07056516	  0.02091910	
197002	 -0.08134631	 -0.01198773	 -0.06326719	
197003	 -0.13943247	 -0.06301844	  0.00313357	
197004	 -0.09404720	 -0.02770165	  0.04374087	
197005	 -0.24058962	 -0.19541433	 -0.08160192	
197006	 -0.18763661	 -0.14255644	 -0.02973870	
197007	 -0.01379302	  0.06382024	 -0.00053293	
197008	 -0.06668942	  0.01075939	 -0.00036914	
197009	 -0.06687686	 -0.01518667	 -0.01589989	
197010	  0.09626963	  0.09642307	 -0.01705225	
197011	 -0.05985777	 -0.04406559	 -0.00300729	
197012	 -0.07305925	 -0.01921523	  0.04879788	
197101	  0.01775738	  0.04334929	 -0.05336803	
197102	 -0.06448738	 -0.03632252	 -0.02201064	
197103	  0.03170202	  0.06007194	  0.01530460	
197104	 -0.00994426	  0.00843583	  0.02560520	
197105	 -0.01747033	 -0.02575965	  0.00818005	
197106	 -0.04414689	 -0.01236814	 -0.03594836	
197107	 -0.10143692	 -0.03375357	  0.00194722	
197108	 -0.04506738	 -0.00823844	  0.02514275	
197109	  0.01981043	  0.06111170	  0.00725001	
197110	 -0.05636502	 -0.01162682	  0.04217397	
197111	 -0.09198452	 -0.03919008	  0.00379761	
197112	  0.00849975	  0.04639057	  0.00063541	
197201	 -0.09412327	 -0.08016783	 -0.03165405	
197202	 -0.03059229	  0.01361054	  0.01305736	
197203	 -0.01137194	  0.02590858	  0.04358142	
197204	 -0.00296181	  0.01784912	  0.01318491	
197205	 -0.06445105	 -0.04371539	  0.00285359	
197206	  0.00610678	  0.00135076	  0.01522601	
197207	 -0.08955118	 -0.06715545	  0.00345166	
197208	  0.01516739	  0.01972162	 -0.03811519	
197209	 -0.01895513	  0.02765723	 -0.01763365	
197210	 -0.03729688	 -0.02429956	 -0.02682961	
197211	 -0.01693803	 -0.03248441	 -0.00271402	
197212	 -0.07355433	 -0.03677899	  0.01256418	
197301	 -0.05781597	 -0.02885299	 -0.01537384	
197302	 -0.04848609	  0.02639260	 -0.00968023	
197303	 -0.02981713	 -0.01234340	 -0.01262037	
197304	 -0.04049673	 -0.01377473	  0.02396101	
197305	 -0.11534524	 -0.06584186	 -0.00250674	
197306	 -0.20033396	 -0.16704995	 -0.03279152	
197307	 -0.09612574	 -0.01255388	  0.00209132	
197308	 -0.09688873	 -0.02452639	  0.01626121	
197309	 -0.12374833	 -0.00369548	  0.01614033	
197310	 -0.05408868	  0.02394273	 -0.04158776	
197311	 -0.31161667	 -0.24446654	 -0.02700703	
197312	 -0.13158119	 -0.09117083	 -0.01678583	
197401	 -0.16222720	 -0.06862406	  0.10003954	
197402	 -0.12088687	 -0.05727756	  0.03842331	
197403	 -0.00128861	  0.11306718	  0.04638777	
197404	 -0.04192198	  0.00435129	  0.02470078	
197405	 -0.10176213	 -0.08557808	  0.05899909	
197406	 -0.06932317	 -0.06728401	 -0.00833562	
197407	 -0.23112680	 -0.13741161	 -0.00878758	
197408	 -0.10245791	 -0.06685314	 -0.03188770	
197409	 -0.11024509	 -0.06634915	  0.02138904	
197410	 -0.08558988	  0.00466818	 -0.07730951	
197411	 -0.08357197	  0.03403166	 -0.02264659	
197412	 -0.10501184	 -0.04211269	  0.01489029	
197501	 -0.11363304	 -0.07821616	  0.10976251	
197502	 -0.07571792	  0.01623686	  0.03499710	
197503	 -0.13072618	  0.00614601	  0.06108324	
197504	 -0.00006113	  0.03409114	  0.00043326	
197505	 -0.06664295	 -0.01093392	 -0.03311745	
197506	  0.02342892	  0.02254493	 -0.01986401	
197507	 -0.05962913	 -0.02695871	 -0.00811703	
197508	 -0.12755959	 -0.12348514	 -0.00868076	
197509	 -0.08962069	 -0.05607044	 -0.01823398	
197510	 -0.06301793	  0.02443988	  0.09022603	
197511	  0.00742798	  0.02586179	  0.03834046	
197512	 -0.02442823	 -0.02109105	 -0.00272206	
197601	 -0.06023961	 -0.03606710	  0.01794455	
197602	 -0.01924537	  0.05301211	 -0.04174809	
197603	 -0.01869400	  0.00927455	 -0.01820854	
197604	 -0.02011328	 -0.03566353	 -0.01956240	
197605	 -0.09060680	 -0.08033670	 -0.04101378	
197606	 -0.06467719	 -0.02551086	 -0.00525381	
197607	 -0.09339624	 -0.05275649	 -0.02909312	
197608	 -0.01602767	  0.02794463	  0.01859199	
197609	 -0.05769310	  0.00369029	 -0.01632100	
197610	 -0.08626924	 -0.03865046	  0.00456528	
197611	 -0.07746049	 -0.02005604	 -0.02211375	
197612	 -0.02567970	  0.05372852	 -0.01317446	
197701	 -0.06248761	 -0.04469347	 -0.03013849	
197702	 -0.00041356	  0.03390502	 -0.01092329	
197703	 -0.05633369	  0.03260058	  0.01184224	
197704	 -0.01032901	 -0.00883858	 -0.02500654	
197705	 -0.03332118	 -0.01420621	  0.01711153	
197706	 -0.00864477	  0.01557654	  0.02131602	
197707	 -0.04797844	 -0.01357351	  0.00144966	
197708	 -0.04286200	  0.00418159	  0.03236101	
197709	 -0.04744495	 -0.02160316	  0.00955317	
197710	 -0.03264378	 -0.00299758	 -0.01171720	
197711	 -0.01413313	  0.02537035	  0.00264034	
197712	  0.02184360	  0.03700739	 -0.00462444	
197801	 -0.04222161	 -0.00745734	  0.00636645	
197802	 -0.01929964	  0.01119200	  0.00270727	
197803	 -0.01023073	  0.00305676	  0.01500502	
197804	 -0.00805639	  0.01760854	  0.02308472	
197805	  0.01783673	  0.02102591	  0.01600690	
197806	  0.01073975	  0.01332505	  0.00999950	
197807	 -0.04356201	 -0.03670640	  0.02569966	
197808	  0.02052930	  0.03465909	 -0.00140460	
197809	 -0.00565282	 -0.01110552	 -0.02920765	
197810	 -0.10691945	 -0.10188948	  0.04567036	
197811	 -0.07501652	 -0.03542851	 -0.02900266	
197812	 -0.03418043	  0.03568307	 -0.00453097	
197901	 -0.01440727	  0.02706821	 -0.01087817	
197902	 -0.03296980	  0.00765570	 -0.02345606	
197903	 -0.04423462	  0.01975332	 -0.00203792	
197904	  0.00478472	  0.05502433	  0.02216162	
197905	 -0.08097956	 -0.04561946	 -0.01406950	
197906	 -0.01187941	  0.02127492	 -0.01214278	
197907	  0.02264797	  0.06271329	 -0.01906363	
197908	  0.01305040	  0.03691428	  0.00586222	
197909	 -0.07359716	 -0.06388385	  0.00130524	
197910	 -0.15447308	 -0.10704909	 -0.00706412	
197911	 -0.03883441	  0.00543371	 -0.07403055	
197912	 -0.00891616	  0.02607975	 -0.01040247	
198001	 -0.06313817	 -0.01949866	  0.00100541	
198002	 -0.09729581	 -0.04539253	  0.01627368	
198003	 -0.14217057	 -0.08757214	  0.02994381	
198004	 -0.05118416	 -0.03178045	 -0.01623630	
198005	  0.03280189	  0.07870487	 -0.00393587	
198006	 -0.01566810	  0.00378214	  0.01371114	
198007	 -0.03519421	 -0.01808971	 -0.00917213	
198008	  0.00723644	  0.05195176	  0.01656570	
198009	 -0.04756753	 -0.01648384	  0.01804179	
198010	 -0.01238973	  0.03378589	  0.02657372	
198011	 -0.02429895	  0.00134727	  0.02653416	
198012	 -0.05639731	 -0.01806163	  0.01939291	
198101	 -0.02291504	  0.00169444	  0.03327909	
198102	 -0.00754928	  0.00061179	  0.00090160	
198103	 -0.02147489	  0.01293751	  0.02090940	
198104	 -0.02817511	  0.00977441	 -0.02119140	
198105	  0.00737477	  0.02839085	 -0.02298277	
198106	  0.00135700	  0.03066047	  0.05604918	
198107	 -0.01763217	  0.01076856	 -0.02038374	
198108	 -0.07666692	 -0.04412805	 -0.00098809	
198109	 -0.15284600	 -0.12177768	  0.09810113	
198110	 -0.04551140	 -0.00442765	 -0.04948534	
198111	 -0.03166738	 -0.01213462	  0.06519300	
198112	 -0.02358742	  0.02391481	 -0.00330438	
198201	 -0.06997618	 -0.05556571	 -0.02018509	
198202	 -0.12233288	 -0.08332503	 -0.01215763	
198203	 -0.03094939	  0.00807643	  0.04154777	
198204	  0.00500120	  0.04369277	 -0.02995132	
198205	 -0.00224146	 -0.00717264	  0.02966996	
198206	 -0.01252347	  0.01958767	  0.04776314	
198207	  0.01257093	  0.01761608	 -0.01648322	
198208	 -0.05831918	 -0.03747059	 -0.00598873	
198209	 -0.02623736	  0.02271662	  0.04137366	
198210	 -0.04187155	 -0.00555004	 -0.03943777	
198211	 -0.00572726	  0.02543839	  0.01210727	
198212	  0.00379786	  0.03914617	 -0.03364760	
198301	 -0.02963851	  0.00520623	 -0.05447119	
198302	  0.00812226	  0.03859901	 -0.03265981	
198303	 -0.04961278	 -0.02785344	  0.04196209	
198304	 -0.00461908	  0.02455770	  0.03604726	
198305	 -0.07688049	 -0.04803618	  0.01854094	
198306	 -0.00384776	  0.04415118	 -0.00080960	
198307	 -0.04841123	 -0.02401982	  0.04285284	
198308	 -0.04242583	 -0.01143774	  0.04648331	
198309	 -0.02261566	  0.02611671	  0.00721436	
198310	  0.03644112	  0.06091725	  0.05816067	
198311	  0.01370513	  0.04986462	 -0.06886543	
198312	 -0.03522105	  0.01238093	  0.05144194	
198401	 -0.02519692	 -0.00721478	  0.06132256	
198402	 -0.04231888	 -0.02804698	  0.00893417	
198403	 -0.00982183	  0.02931887	  0.00765951	
198404	 -0.08444467	 -0.04701569	 -0.00146363	
198405	  0.00682961	  0.04395005	  0.02611593	
198406	 -0.01600858	  0.02614927	 -0.00361177	
198407	 -0.02663482	  0.01108539	  0.01588913	
198408	  0.00230374	  0.03313032	 -0.03330146	
198409	 -0.01898911	  0.01152923	  0.02693650	
198410	 -0.02988379	 -0.01151368	 -0.01134402	
198411	 -0.00231840	  0.00565695	  0.01802403	
198412	 -0.03602581	 -0.00331403	  0.00246035	
198501	 -0.00765290	  0.01619212	 -0.01782297	
198502	 -0.01410505	  0.00658756	  0.02936636	
198503	  0.00720014	  0.00670880	  0.03405048	
198504	  0.00901303	  0.02816703	  0.03553141	
198505	 -0.00013452	  0.02244757	 -0.00844015	
198506	 -0.00484939	 -0.00175553	  0.00562177	
198507	 -0.01871951	  0.02260707	 -0.01180150	
198508	  0.02621661	  0.03407842	  0.02611030	
198509	 -0.02130767	 -0.00799510	  0.01286013	
198510	 -0.01880363	 -0.01414660	  0.04678209	
198511	 -0.00212306	  0.02468008	  0.00528381	
198512	 -0.01957930	  0.00155745	 -0.02039082	
198601	 -0.06592524	 -0.04325419	  0.01431808	
198602	 -0.00938557	  0.01854145	  0.00243202	
198603	  0.00790680	  0.04488095	  0.04043431	
198604	  0.02936804	  0.02434735	 -0.00824375	
198605	  0.00463478	  0.01912123	  0.01746769	
198606	 -0.06951066	 -0.06428337	  0.05209829	
198607	 -0.00237085	  0.01694161	 -0.00953660	
198608	 -0.02734152	  0.01327046	 -0.02342888	
198609	 -0.00467005	 -0.02488018	  0.04162510	
198610	  0.03981759	  0.06280832	  0.01202620	
198611	  0.01677911	  0.02381070	 -0.03058675	
198612	  0.01125900	  0.03543939	 -0.00535338	
198701	 -0.02911564	 -0.00865155	 -0.07048133	
198702	  0.00529232	  0.02440038	 -0.02557195	
198703	 -0.02342583	  0.01736261	 -0.00561796	
198704	 -0.12648759	 -0.10958961	 -0.02438669	
198705	  0.00277618	  0.02810016	  0.00726190	
198706	  0.00755713	  0.05751319	  0.01543611	
198707	  0.01890020	 -0.02512554	  0.02398888	
198708	  0.00082182	  0.01241978	 -0.02999547	
198709	 -0.04093002	 -0.05472642	  0.01534270	
198710	 -0.46169417	 -0.39474466	  0.01676061	
198711	 -0.02580478	 -0.08326671	 -0.00868214	
198712	 -0.10552490	 -0.02467329	  0.00668359	
198801	 -0.11084856	 -0.07796180	  0.04206837	
198802	 -0.03346945	  0.06059561	  0.00247786	
198803	 -0.03026995	  0.02801820	 -0.02090480	
198804	  0.00880462	  0.02874981	 -0.02141079	
198805	 -0.06878537	 -0.00120563	 -0.01060843	
198806	  0.00663280	  0.01770456	 -0.01002156	
198807	  0.01719523	  0.03318242	 -0.01293205	
198808	 -0.02463327	  0.02717790	  0.03227775	
198809	 -0.02331615	  0.00034134	  0.01381571	
198810	 -0.04239610	  0.00325246	  0.02442312	
198811	 -0.06796251	 -0.00979093	  0.00382416	
198812	 -0.02451366	  0.00091409	 -0.04450392	
198901	  0.01841251	  0.07455944	 -0.00576786	
198902	 -0.00261042	  0.01388458	 -0.00210380	
198903	  0.00049263	  0.00652014	 -0.01066712	
198904	 -0.02148434	 -0.00349584	 -0.01692185	
198905	  0.04336612	  0.04761388	 -0.04002686	
198906	 -0.00150128	  0.00195632	  0.07760897	
198907	  0.01777779	  0.02403404	  0.03296662	
198908	 -0.08467307	 -0.05310543	  0.00435347	
198909	  0.02820585	  0.01484912	 -0.04468798	
198910	 -0.15736335	 -0.11141897	  0.02538577	
198911	 -0.00973287	  0.01214795	 -0.02472614	
198912	 -0.02133141	  0.01042408	  0.02146244	
199001	 -0.02308625	 -0.00582111	 -0.05490276	
199002	 -0.00493503	  0.02582296	 -0.04366024	
199003	 -0.02227662	  0.03553753	 -0.01047738	
199004	  0.00903189	  0.00841991	  0.05493463	
199005	  0.01200079	  0.01104623	  0.00385441	
199006	  0.00178130	 -0.00379657	  0.03937438	
199007	 -0.02635509	 -0.01649034	  0.05012009	
199008	  0.02431449	  0.00220998	  0.05460016	
199009	 -0.01567902	  0.05742383	  0.03800788	
199010	  0.05201230	  0.04930672	  0.01678617	
199011	  0.02328538	  0.00857068	  0.00433790	
199012	 -0.05090714	 -0.02626434	 -0.01977452	
199101	  0.03895870	  0.02406355	 -0.09666328	
199102	 -0.02117392	 -0.03698305	 -0.01971310	
199103	 -0.02611882	 -0.02691389	 -0.00658552	
199104	  0.00646248	  0.04334754	  0.01680051	
199105	 -0.00497130	  0.00099001	 -0.01010905	
199106	  0.04170888	  0.04940591	  0.02941998	
199107	 -0.00135246	  0.00423715	  0.01245250	
199108	 -0.01695278	 -0.02171223	 -0.01616565	
199109	 -0.01442613	  0.01562950	  0.01128677	
199110	 -0.02169486	  0.02023036	  0.01980389	
199111	  0.02616296	 -0.00284921	  0.04221521	
199112	 -0.05322325	 -0.07335422	 -0.05000757	
199201	 -0.06539803	 -0.04453109	 -0.07457946	
199202	 -0.03882485	  0.01108780	 -0.04985735	
199203	 -0.03465565	  0.02188919	 -0.00479757	
199204	  0.03515199	  0.04552894	 -0.00489199	
199205	  0.00282330	  0.05335237	  0.00124407	
199206	  0.07344082	  0.01391817	  0.02485120	
199207	 -0.05007397	 -0.05383138	  0.02353420	
199208	 -0.00621409	 -0.00541282	  0.04941239	
199209	  0.01438352	  0.03322946	 -0.02205370	
199210	 -0.05938596	 -0.05362167	 -0.02261128	
199211	  0.00064737	  0.02993699	 -0.05800390	
199212	  0.00917333	  0.02459487	 -0.02896337	
199301	  0.01066734	  0.04036970	 -0.01195302	
199302	 -0.03036431	 -0.00961736	  0.04968702	
199303	 -0.03524591	 -0.00788312	 -0.04252483	
199304	  0.00905223	  0.03738092	 -0.01497970	
199305	 -0.01625854	  0.01017374	  0.03565047	
199306	 -0.01852220	  0.00901070	 -0.03871389	
199307	 -0.01795792	  0.00904888	 -0.01822521	
199308	  0.04089084	  0.02491100	  0.01180312	
199309	  0.02295202	  0.03733081	 -0.07225849	
199310	  0.00055999	  0.01478160	  0.03411184	
199311	  0.00701388	  0.02090313	  0.04966272	
199312	  0.04816582	  0.02992486	  0.01062738	
199401	  0.03945233	  0.07063978	 -0.00211046	
199402	 -0.05118112	 -0.03877210	  0.00676685	
199403	 -0.01754283	 -0.01275357	  0.02257303	
199404	 -0.07560346	 -0.05250236	  0.00875902	
199405	 -0.04188306	 -0.00386300	  0.03247893	
199406	 -0.07876345	 -0.03632312	  0.00039196	
199407	  0.01170579	  0.06095822	 -0.00759346	
199408	 -0.01712653	  0.03696095	  0.00615007	
199409	  0.02057459	  0.01564494	  0.03315953	
199410	  0.02948057	  0.03217904	  0.01276211	
199411	 -0.01562759	 -0.04618880	 -0.02193409	
199412	 -0.03463681	 -0.01862559	  0.01654214	
199501	  0.02203863	  0.05956679	 -0.03175454	
199502	  0.02345110	  0.02533483	 -0.01265216	
199503	  0.00965139	 -0.01453146	  0.01993167	
199504	  0.03159954	  0.05040484	  0.00341863	
199505	  0.00549231	  0.01112879	 -0.00797633	
199506	 -0.02591843	 -0.03691755	  0.00707352	
199507	 -0.00496129	  0.00847927	  0.04619896	
199508	 -0.00307108	  0.01953872	 -0.00171222	
199509	 -0.02969716	 -0.02624736	 -0.07714703	
199510	 -0.00970914	  0.00320760	  0.03223555	
199511	  0.03077718	  0.05724241	 -0.02025904	
199512	 -0.06585447	 -0.02932940	 -0.03183347	
199601	 -0.02406459	 -0.01098828	  0.03384355	
199602	  0.02437495	  0.07113773	  0.00992407	
199603	 -0.05199269	 -0.04407377	 -0.01068221	
199604	 -0.02578064	  0.01509692	 -0.02725805	
199605	  0.01230484	  0.02388839	 -0.00866307	
199606	 -0.01043124	 -0.01090282	 -0.05151579	
199607	 -0.03827071	 -0.01603472	 -0.03730936	
199608	  0.06257825	  0.08978677	  0.00922940	
199609	 -0.00145379	 -0.01130029	 -0.03760690	
199610	 -0.01304627	 -0.03758984	 -0.02588658	
199611	 -0.00762403	 -0.01355995	  0.02267432	
199612	  0.01491694	  0.02426917	 -0.02345829	
199701	 -0.01805521	  0.04922923	 -0.02788762	
199702	  0.00009965	 -0.01739880	 -0.03019738	
199703	 -0.00920051	  0.01490944	  0.01586965	
199704	  0.01869881	  0.02061223	  0.08909277	
199705	  0.02624357	  0.04164992	  0.00503183	
199706	 -0.00982583	 -0.00593851	  0.00604271	
199707	 -0.00845174	  0.00019487	  0.02035074	
199708	 -0.05686046	 -0.01186156	 -0.01718478	
199709	 -0.02780557	  0.03307613	 -0.01388057	
199710	 -0.17045106	 -0.10970090	  0.01708771	
199711	  0.02227044	  0.06785809	  0.07815215	
199712	 -0.02601974	  0.03300703	  0.03745072	
199801	 -0.04385776	 -0.07408140	  0.03415267	
199802	 -0.12007509	 -0.00234551	  0.07294472	
199803	 -0.05899688	 -0.00869147	 -0.04001325	
199804	  0.04140763	  0.09575103	 -0.00861522	
199805	  0.00692221	  0.01567122	 -0.00790660	
199806	 -0.04213487	 -0.03172989	  0.01594836	
199807	 -0.05127275	  0.00423700	  0.00597072	
199808	 -0.05143781	  0.01124938	 -0.02409470	
199809	 -0.27389299	 -0.25669431	  0.05469210	
199810	 -0.04390735	  0.05155646	  0.00923994	
199811	  0.04820335	  0.12118946	 -0.01139889	
199812	 -0.14832526	 -0.10564263	  0.00337909	
199901	  0.06337148	  0.06185788	  0.04907111	
199902	 -0.08470495	 -0.05270458	  0.01953328	
199903	 -0.06150653	 -0.00725999	 -0.00360098	
199904	  0.19803425	  0.27882583	  0.08791667	
199905	 -0.13406902	 -0.13298073	 -0.00702983	
199906	  0.05880003	  0.05522251	  0.04341543	
199907	  0.06700253	  0.05803120	 -0.01666002	
199908	  0.05135833	 -0.01515691	 -0.00383093	
199909	 -0.04824106	 -0.07676400	 -0.03084220	
199910	  0.09827962	  0.08057405	  0.08936459	
199911	 -0.00168205	 -0.03665784	 -0.01729438	
199912	 -0.07437276	 -0.08569908	  0.04451752	
200001	 -0.06756174	 -0.04623570	  0.01112397	
200002	 -0.04172321	 -0.01388926	  0.00885638	
200003	 -0.00579636	  0.10961297	 -0.00141189	
200004	 -0.22530607	 -0.21588508	 -0.04305099	
200005	  0.06593177	  0.07691919	 -0.02647594	
200006	 -0.18093348	 -0.15220127	 -0.03382056	
200007	  0.05561077	 -0.06664489	  0.11069420	
200008	 -0.07240609	  0.01950248	 -0.00900782	
200009	 -0.16953923	 -0.15603344	 -0.03895197	
200010	 -0.13680764	 -0.00695609	  0.02357218	
200011	 -0.14370528	 -0.12741869	 -0.03667505	
200012	  0.09559983	  0.06507645	  0.01165060	
200101	 -0.14739268	 -0.04996394	  0.06779335	
200102	 -0.05694382	 -0.06702596	  0.04249596	
200103	 -0.06043241	  0.02559154	  0.07413604	
200104	 -0.06215401	  0.10824744	  0.00833431	
200105	  0.10055022	  0.11475346	  0.02850723	
200106	  0.01593815	  0.08609559	  0.00678488	
200107	 -0.04836582	 -0.00184716	  0.03717994	
200108	 -0.05230679	  0.05668513	  0.04897065	
200109	 -0.04056517	 -0.12445054	 -0.09640247	
200110	  0.06991686	  0.09728791	  0.03530384	
200111	  0.02053724	 -0.00643053	  0.03418308	
200112	  0.01329567	  0.05126117	  0.06714246	
200201	 -0.06933410	 -0.01395323	 -0.01499077	
200202	 -0.01014477	 -0.00990371	  0.02220132	
200203	  0.06089400	  0.02601382	  0.08939793	
200204	 -0.10984696	 -0.03244727	  0.05447040	
200205	 -0.03394870	 -0.04699687	  0.05185532	
200206	 -0.11588231	 -0.05791001	 -0.00963558	
200207	 -0.06592809	  0.00040192	 -0.05898165	
200208	 -0.02471644	 -0.00414007	 -0.00078682	
200209	 -0.17025462	 -0.09232922	 -0.01490626	
200210	 -0.30745021	 -0.15125521	  0.03801510	
200211	 -0.03852842	  0.01155017	  0.03022881	
200212	 -0.17765836	 -0.00596646	 -0.01151825	
200301	 -0.08551714	 -0.08872527	 -0.02126251	
200302	 -0.04017361	 -0.03884712	  0.00988871	
200303	 -0.10831413	 -0.06961148	  0.00056915	
200304	 -0.05209133	 -0.01035497	  0.04009958	
200305	  0.02654648	  0.02256836	  0.00874340	
200306	 -0.01773457	 -0.00113240	 -0.00747402	
200307	 -0.03637264	  0.01804042	  0.06836864	
200308	 -0.01409137	  0.00123229	  0.04056866	
200309	 -0.11148703	 -0.02822835	 -0.00847455	
200310	 -0.04081220	  0.00920645	  0.02069473	
200311	 -0.05095746	 -0.02199310	  0.00438594	
200312	 -0.02134353	  0.04824604	 -0.00425603	
200401	 -0.10836234	 -0.01855370	 -0.05230250	
200402	 -0.03629383	 -0.05988992	  0.03279345	
200403	  0.02709225	  0.07292847	  0.01571290	
200404	 -0.05259222	  0.01091676	 -0.00080667	
200405	 -0.00584340	 -0.02420801	  0.00320315	
200406	  0.05580214	  0.11037314	  0.02479796	
200407	 -0.03591632	 -0.01083892	  0.06135838	
200408	  0.00419560	  0.04585109	  0.06201865	
200409	 -0.02612547	  0.00263240	  0.00074656	
200410	  0.01505384	  0.01738639	 -0.01196835	
200411	 -0.01808591	  0.03199670	  0.01737970	
200412	 -0.07000918	 -0.02024012	 -0.03313578	
200501	 -0.00560927	  0.01112567	  0.04285843	
200502	 -0.05566766	 -0.00222145	  0.05884714	
200503	 -0.02000101	  0.00137806	 -0.00278728	
200504	 -0.12681218	 -0.09873174	 -0.05272870	
200505	  0.00360165	  0.04529434	  0.00051707	
200506	  0.00197589	  0.08362290	  0.04449344	
200507	  0.02442561	  0.03555490	  0.02785843	
200508	  0.04779786	  0.07745517	  0.02818259	
200509	 -0.02282392	  0.02090015	  0.03522569	
200510	 -0.05169269	  0.00914618	 -0.04657857	
200511	  0.08820716	  0.06712835	  0.00743207	
200512	 -0.02396701	 -0.07511242	  0.00041792	
200601	 -0.05570373	 -0.04175369	  0.03359419	
200602	 -0.05908045	 -0.04158004	 -0.03722510	
200603	 -0.02455996	  0.01898600	  0.01284775	
200604	  0.01280344	  0.02980065	 -0.00607832	
200605	 -0.02518981	  0.00895882	  0.02149183	
200606	 -0.06746185	 -0.00045043	  0.03295189	
200607	  0.00392283	 -0.00151487	  0.05314991	
200608	  0.01674356	 -0.02629169	 -0.02612127	
200609	 -0.06005982	 -0.04418772	 -0.01545414	
200610	  0.03231146	  0.05871599	  0.03868364	
200611	 -0.00477947	  0.04118331	  0.02566603	
200612	  0.02912810	  0.02147479	 -0.01700997	
200701	  0.04381727	  0.01153061	  0.00584616	
200702	 -0.00626456	  0.03198938	  0.02607197	
200703	 -0.03859097	 -0.02698595	  0.03151448	
200704	 -0.01314644	  0.00833998	  0.01909692	
200705	  0.02692344	  0.06172567	  0.02644337	
200706	  0.06250693	  0.09429003	  0.00975545	
200707	 -0.00279992	 -0.01281148	  0.02403066	
200708	 -0.15699948	 -0.19691963	 -0.00526412	
200709	 -0.04699044	 -0.03717865	  0.03300278	
200710	 -0.19141503	 -0.04530948	  0.05681658	
200711	 -0.16848866	 -0.02737779	  0.02713640	
200712	 -0.04286628	  0.03101553	  0.04924450	
200801	 -0.15709389	 -0.05634770	 -0.12580929	
200802	  0.07934064	 -0.01909643	  0.03331357	
200803	 -0.26873580	 -0.14954045	  0.04179520	
200804	  0.06011294	  0.10238846	  0.10737975	
200805	 -0.01915958	  0.00909254	  0.08341966	
200806	 -0.08686972	 -0.03889616	  0.09782559	
200807	 -0.17532917	 -0.07239591	 -0.13562694	
200808	 -0.00482212	  0.02353038	  0.02014635	
200809	 -0.10126499	 -0.23431411	 -0.13397328	
200810	 -0.22923010	 -0.05616284	 -0.08529103	
200811	  0.07299962	  0.14686203	 -0.05508750	
200812	 -0.30815885	 -0.18323492	 -0.08386405	
200901	 -0.04154840	 -0.16132272	  0.13012375	
200902	 -0.03790588	  0.03383004	  0.03611069	
200903	 -0.09956455	 -0.03369102	 -0.05156544	
200904	 -0.09595901	 -0.04291236	 -0.08477217	
200905	 -0.07210912	  0.07270433	 -0.01871412	
200906	 -0.04054409	  0.02262955	 -0.00530504	
200907	  0.07996948	  0.04170561	  0.00514983	
200908	 -0.01591778	 -0.00351495	 -0.06604374	
200909	  0.01414683	  0.06039773	  0.06363581	
200910	 -0.06074893	 -0.05054513	  0.06837306	
200911	 -0.03522424	 -0.01325874	  0.00207997	
200912	  0.13693106	 -0.00075877	  0.03573500	
201001	  0.05788217	  0.11521897	 -0.01069817	
201002	  0.01445270	  0.03292699	 -0.00764969	
201003	  0.02159131	  0.03057156	 -0.06296757	
201004	 -0.06132722	 -0.05372780	  0.01033051	
201005	 -0.07800395	 -0.02105219	 -0.02799509	
201006	 -0.05872554	  0.01190678	  0.00381301	
201007	 -0.01148832	  0.00818171	  0.02481581	
201008	  0.00733551	  0.03162064	  0.02192905	
201009	 -0.02365008	  0.08593193	  0.03349349	
201010	 -0.02515327	 -0.03776696	  0.02305154	
201011	 -0.01350750	 -0.01020699	  0.02741365	
201012	  0.03893839	  0.08447068	  0.03148878	
201101	 -0.03436608	 -0.03246211	  0.00785422	
201102	 -0.01119498	 -0.01854438	 -0.00981065	
201103	 -0.03244388	 -0.01575970	  0.00256874	
201104	  0.00997743	  0.01951297	 -0.05774157	
201105	  0.01769219	  0.02252830	 -0.02326755	
201106	 -0.00861296	  0.02594890	 -0.01881235	
201107	 -0.01354643	  0.01486181	  0.00318322	
201108	 -0.05015658	 -0.04863678	 -0.03954234	
201109	  0.01295707	  0.02864053	 -0.07090816	
201110	 -0.04181717	  0.02668542	  0.07590142	
201111	 -0.09640161	 -0.02791307	  0.03191081	
201112	  0.01009897	  0.05060220	 -0.00860855	
201201	  0.01930033	  0.05387347	 -0.02467860	
201202	  0.03102050	  0.00860955	  0.02680013	
201203	 -0.01915062	 -0.00924145	 -0.06296408	
201204	  0.00865482	 -0.01592436	  0.00049827	
201205	  0.08348953	 -0.00788887	 -0.00445355	
201206	  0.01779161	 -0.00347036	  0.00708824	
201207	  0.01627988	  0.09838061	  0.00243653	
201208	 -0.04169769	 -0.02056639	 -0.00286072	
201209	  0.04583937	  0.03363417	 -0.02354048	
201210	 -0.02182127	 -0.04251562	 -0.00160030	
201211	 -0.01314351	 -0.05483727	 -0.02151188	
201212	  0.01042203	  0.02808485	  0.01452294	
201301	  0.01619283	  0.02819673	 -0.02019767	
201302	 -0.02584187	 -0.01776034	 -0.00796617	
201303	  0.02584537	  0.07046981	  0.00326815	
201304	 -0.00375071	 -0.01181139	 -0.01525547	
201305	  0.00372719	  0.01815821	  0.00467098	
201306	 -0.02851650	  0.01476754	 -0.02002910	
201307	 -0.02124380	  0.01043595	  0.00802978	
201308	 -0.03539203	  0.01379794	  0.01637466	
201309	 -0.02656396	 -0.01008306	 -0.02111438	
201310	  0.06693494	  0.09988433	 -0.02372064	
201311	 -0.06656417	  0.03988245	 -0.03732616	
201312	  0.02901629	  0.02405326	 -0.00463225	
201401	 -0.00715499	  0.01937708	  0.02806809	
201402	  0.02009866	  0.02464234	 -0.00841023	
201403	  0.00114467	  0.03180539	  0.02986701	
201404	 -0.00437292	 -0.00558415	 -0.05006885	
201405	 -0.07558025	 -0.03244645	  0.00233522	
201406	  0.03555200	  0.08812498	  0.01450401	
201407	  0.00786759	  0.02878767	 -0.00301202	
201408	 -0.00748499	 -0.00177904	  0.00349328	
201409	  0.01126030	  0.02958051	  0.02125040	
201410	  0.03128302	  0.04421764	  0.04242302	
201411	 -0.04134457	 -0.02978488	  0.00333902	
201412	  0.02577303	  0.05387976	  0.02561386	
201501	  0.00052028	  0.02470388	 -0.01776288	
201502	 -0.00812077	 -0.00023045	 -0.00049952	
201503	 -0.04484139	 -0.02367446	  0.01021601	
201504	 -0.02195946	  0.00550809	 -0.00340553	
201505	  0.01914638	  0.00502287	  0.04121417	
201506	  0.01174106	  0.00917014	  0.02710399	
201507	  0.04081577	  0.03193402	  0.00584959	
201508	  0.02687796	  0.07153347	 -0.00740033	
201509	 -0.04963911	 -0.07879266	  0.00807650	
201510	  0.00812026	  0.10181994	 -0.06483127	
201511	 -0.12219204	 -0.03018455	  0.03879494	
201512	 -0.08085595	 -0.01403706	 -0.00030195	
201601	 -0.08173898	 -0.04285828	 -0.03352313	
201602	  0.00317672	  0.03037832	 -0.03002402	
201603	 -0.02036448	  0.00509606	 -0.01653054	
201604	  0.08328461	  0.09068359	 -0.00685215	
201605	 -0.04418657	 -0.05397526	  0.01720079	
201606	 -0.01959659	 -0.03124376	 -0.01499176	
201607	  0.06306642	  0.01020989	  0.02790272	
201608	  0.00842718	 -0.00565877	 -0.00610669	
201609	 -0.04118291	 -0.03421025	  0.01740465	
201610	  0.10321770	  0.08848010	  0.00990117	
201611	 -0.07588699	 -0.00260327	 -0.00007316	
201612	  0.00176791	  0.04706810	 -0.01537102	
201701	  0.04555698	  0.06963618	  0.01991409	
201702	 -0.05743192	 -0.05277198	 -0.02663697	
201703	 -0.01043048	 -0.06755986	 -0.03508508	
201704	 -0.02995486	  0.00808430	 -0.02347003	
201705	  0.10505019	  0.08922809	 -0.03648656	
201706	  0.04244714	  0.02466723	  0.03073222	
201707	 -0.01938304	  0.01018427	  0.03236345	
201708	  0.02982435	  0.06350512	 -0.02508042	
201709	  0.05203790	  0.05655357	 -0.01476058	
201710	  0.02676073	  0.03021808	 -0.04799623	
201711	  0.03465179	  0.01764634	 -0.01530276	
201712	  0.03741896	  0.04467129	  0.05071480	
201801	 -0.05288728	 -0.01055710	  0.01096538	
201802	  0.00308990	  0.02826815	  0.05219188	
201803	  0.02924403	  0.08667276	  0.00335910	
201804	 -0.07867945	 -0.01096153	  0.01281640	
201805	  0.02703640	  0.08418552	  0.07000342	
201806	  0.10046450	  0.12885686	 -0.02171473	
201807	 -0.02327625	 -0.02233950	 -0.00615336	
201808	  0.08636832	  0.04150931	 -0.01729673	
201809	 -0.04386957	  0.05452086	  0.00452563	
201810	 -0.06911837	 -0.03154673	 -0.07133955	
201811	  0.01581954	  0.04087851	  0.02619195	
201812	 -0.06388950	 -0.03805118	 -0.00198827	
201901	 -0.03149601	 -0.03192587	  0.03178152	
201902	  0.06263287	  0.15357097	 -0.00638030	
201903	  0.00167780	  0.00060009	  0.00517299	
201904	  0.03645053	  0.05433006	 -0.00271548	
201905	 -0.02195995	 -0.01973060	 -0.00871433	
201906	 -0.09709251	 -0.06629082	 -0.02903186	
201907	  0.07259089	  0.07163250	  0.00021345	
201908	  0.04597590	  0.02407030	 -0.00571183	
201909	 -0.04788952	 -0.02577861	 -0.05009514	
201910	 -0.06842705	  0.00031631	  0.00200349	
201911	 -0.04463662	  0.04147126	  0.02299694	
201912	 -0.01880254	  0.02395046	  0.00181293	
202001	 -0.04079934	 -0.01376835	  0.01905550	
202002	  0.00627214	  0.02355761	  0.04113768	
202003	 -0.26037267	 -0.16391621	 -0.12488500	
202004	  0.01146230	 -0.02660873	  0.12324990	
202005	 -0.05590794	 -0.06645246	  0.06912383	
202006	 -0.01513391	  0.01564850	  0.06613892	
202007	  0.03449560	  0.07415677	  0.00078269	
202008	  0.00611461	 -0.01161239	  0.04261010	
202009	 -0.09962494	 -0.12306108	 -0.00090128	
202010	 -0.04314307	  0.02847843	  0.03922916	
202011	  0.05389798	  0.06888169	  0.02760550	
202012	  0.02492602	  0.01309983	  0.05452858	
202101	  0.10615330	  0.05937743	 -0.04573986	
202102	 -0.02969920	 -0.04903934	  0.01866650	
202103	 -0.07658080	 -0.01401946	 -0.06748401	
202104	 -0.04636161	 -0.02704303	 -0.00033839	
202105	 -0.05481813	 -0.01053554	 -0.03012630	
202106	 -0.03642498	  0.00374462	  0.03823871	
202107	  0.00573411	  0.03894616	 -0.00150231	
202108	  0.00171081	  0.03229767	  0.00187612	
202109	 -0.01929714	 -0.00245240	 -0.00975089	
202110	 -0.01000028	 -0.00962217	  0.01267279	
202111	  0.00938949	  0.02804617	 -0.02448181	
202112	  0.06116892	  0.07436625	 -0.02541366	
202201	 -0.05847590	 -0.04647601	 -0.04817268	
202202	 -0.09031809	 -0.07528236	  0.00320734	
202203	 -0.07676614	 -0.02510395	 -0.02549592	
202204	 -0.16244725	 -0.13343765	 -0.01646354	
202205	 -0.02778027	  0.02532948	 -0.07711321	
202206	 -0.02777560	  0.08337362	  0.03684756	
202207	  0.00698915	  0.07767279	  0.00491698	
202208	  0.01742491	  0.02398480	  0.01036662	
202209	 -0.01239846	 -0.01725928	  0.06560699	
202210	 -0.01710847	 -0.00101879	 -0.08999211	
202211	  0.01200235	  0.00756358	 -0.05204565	
202212	  0.01544615	  0.03758888	 -0.01619041	
202301	  0.01375657	  0.04905206	 -0.03275620	
202302	  0.00630368	  0.04045437	  0.00886616	
202303	 -0.01284946	  0.00417010	  0.06077922	
202304	 -0.15233988	 -0.13544184	  0.00881770	
202305	 -0.07919043	 -0.00429078	  0.04439779	
202306	 -0.04526002	  0.02376823	 -0.06312974	
202307	  0.03189112	  0.05443544	 -0.03678202	
202308	 -0.02222040	 -0.01313487	 -0.04228930	
202309	 -0.06389400	 -0.03485548	 -0.04425718	
202310	  0.16301983	  0.17499864	  0.00182830	
202311	  0.01797043	 -0.10303598	  0.06302000	
202312	 -0.09917234	 -0.13639839	  0.04052687	
202401	 -0.00190882	  0.02162889	 -0.02328703	
202402	  0.00408772	  0.02037043	 -0.02214980	
202403	 -0.00129509	 -0.00366344	 -0.00138191	
202404	 -0.09278342	 -0.10413607	  0.00920138	
202405	 -0.06771505	 -0.00246092	  0.08632894	
202406	 -0.06669709	 -0.01424096	  0.04078335	
202407	  0.01088217	 -0.00993939	 -0.03855152	
202408	 -0.02735178	  0.02221194	 -0.03376305	
202409	 -0.06649157	 -0.00902326	 -0.03972534	
202410	  0.09698526	  0.17379355	  0.03295583	
202411	 -0.02677893	 -0.03693241	  0.00141509	
202412	 -0.05406810	 -0.02768725	  0.04977467	
202501	 -0.03283274	  0.00930423	  0.01682636	
202502	 -0.17449684	 -0.15283584	 -0.03281382	
202503	 -0.01691292	  0.03866849	 -0.01015685	
202504	 -0.11595302	 -0.10731453	  0.13179243	
202505	  0.14024062	  0.08646059	  0.02756176	
202506	  0.01501297	 -0.02182895	  0.01035282	
202507	  0.16661480	  0.15542082	 -0.03880065	
202508	 -0.05688922	 -0.02646377	 -0.04971295	
202509	  0.15645196	  0.14437347	 -0.05736354	
202510	  0.04284471	  0.00117027	 -0.12123111	
202511	  0.07516319	  0.03843592	 -0.06740534	
202512	 -0.04086720	 -0.00585127	 -0.03618302	
